val: Scanning E:\DataSets\tt100k_2021\yolojack\labels\test.cache... 3014 images, 0 backgrounds, 0 corrupt: 100%|██████████| 3014/3014 [00:00<?, ?it/s]
                 Class     Images  Instances      Box(P          R      mAP50  mAP50-95): 100%|██████████| 252/252 [01:52<00:00,  2.24it/s]
                   all       3014       8217      0.599      0.484      0.519      0.404
                  pl80        263        278      0.647      0.788      0.813      0.661
                    p6         39         39      0.431      0.487      0.472      0.371
                 ph4.2          8          9      0.361      0.333      0.359      0.285
                  pa13         11         11      0.542      0.538      0.547      0.465
                    im         23         23      0.924      0.913      0.941      0.715
                   w58         21         22      0.586      0.709      0.696      0.428
                  pl90          3          3      0.169      0.667       0.51      0.459
                  il70          5          5      0.476      0.733      0.453      0.372
                    p5        121        125      0.707      0.772      0.823      0.676
                  pm55         37         39      0.605      0.589      0.653      0.542
                  pl60        269        281      0.535      0.726      0.704      0.587
                    ip        120        136      0.884      0.794      0.877      0.499
                   p11        513        520       0.75      0.808      0.861      0.613
                   pdd         12         12      0.403      0.333      0.419      0.295
                    wc         14         14      0.451      0.429      0.467       0.36
                   i2r        133        134      0.741      0.731       0.83      0.617
                   w30         20         20      0.525        0.4      0.453      0.326
                   pmr          5          5          1          0      0.383      0.298
                   p23        102        110      0.691      0.709      0.752      0.608
                  pl15         17         17      0.368      0.529      0.459       0.36
                  pm10          1          1          0          0    0.00618    0.00433
                   pss          3          3      0.833      0.333      0.552      0.444
                   w34          1          1          0          0     0.0765     0.0689
                    iz          5          5          1          0     0.0486      0.034
                   p1n          1          1      0.507          1      0.995      0.895
                  pr70          2          2          0          0          0          0
                    pg         46         46      0.976      0.893      0.927      0.665
                  il80         84         97      0.774      0.897      0.891      0.751
                    pb         18         18      0.713      0.833      0.825      0.706
                   pbm         19         19       0.31      0.474       0.41      0.318
                  pm40          1          1          1          0          0          0
                   ph4         36         37      0.522      0.472      0.493      0.422
                   w45          5          5      0.669      0.407      0.745      0.464
                    i4        229        237      0.812      0.852      0.902      0.628
                  pl70         45         45      0.679       0.61      0.643      0.511
                   i14          1          1          0          0     0.0905     0.0724
                   p29         11         12        0.3      0.429      0.274      0.225
                   pne        625        673      0.948      0.924      0.959      0.669
                  pr60         10         10          0          0     0.0669      0.054
                 ph4.5         56         63       0.73      0.774      0.809      0.681
                   p12         69         69      0.585      0.652      0.658      0.541
                    p3         61         61      0.892      0.639      0.706      0.582
                   pl5        134        208      0.661      0.716      0.746      0.534
                   w13         31         31      0.459       0.71      0.611      0.459
                   p14         13         16       0.72       0.25      0.396      0.322
                   i4l         99        100      0.784       0.85      0.893       0.68
                  pr30          3          3      0.317      0.667      0.268      0.222
                   p17          9          9      0.786      0.821      0.902      0.618
                   ph3          4          8       0.39      0.375      0.263      0.216
                  pl30        209        212       0.51      0.708      0.664      0.509
                  pctl          1          1      0.433          1      0.995      0.796
                  pr50          6          6      0.736      0.333      0.393      0.351
                  pm35          1          1          1          0    0.00312    0.00281
                    i1          2          2      0.772          1      0.995      0.696
                   pcd          5          5          1          0          0          0
                   pbp         29         29      0.567      0.621      0.649      0.547
                   pcr          6          6      0.422        0.5      0.478      0.388
                    ps         14         14      0.562      0.187       0.31      0.168
                   w18          3          3          0          0     0.0187     0.0139
                   p10         97         98      0.542      0.556       0.56      0.437
                    pn        952       1007      0.895       0.94      0.972      0.723
                  pa14         13         13      0.536      0.615       0.74      0.645
                    p2          5          5          1          0     0.0774     0.0676
                 ph2.5          2          4          0          0     0.0435     0.0338
                   w55         61         63      0.605      0.698      0.741       0.53
                   pw3          1          1          1          0     0.0102    0.00609
                   i12          2          3       0.26      0.333      0.157      0.137
                 phclr          3          3      0.468      0.667      0.747      0.607
                   i10         15         16      0.592      0.625      0.633      0.472
                   i13          4          4      0.218        0.5      0.353      0.315
                   p26        247        262      0.719      0.811      0.835      0.672
                    p8          4          4       0.37       0.75      0.816      0.703
                   w42          1          1          1          0          0          0
                  il50          3          5      0.647      0.742      0.787      0.678
                   p13         72        110      0.687      0.827      0.833      0.554
                  pr40         63         63      0.612      0.878      0.808      0.686
                   p25         12         12      0.507        0.5      0.562      0.474
                   w41          2          2       0.57        0.5      0.496      0.347
                  pl20         55         57      0.466      0.404      0.409      0.277
                  pm30         31         32      0.202      0.339      0.232      0.185
                  pl40        441        455      0.575      0.723       0.71      0.549
                   pmb         11         11      0.588      0.727      0.671      0.539
                  pr20          5          5      0.823        0.8      0.824      0.681
                   p18         21         23       0.33      0.478      0.442      0.353
                    i2        135        137       0.76      0.818      0.836      0.615
                   w22         15         15      0.794        0.2       0.32      0.225
                   w47          8          8          1          0     0.0617     0.0416
                 pl120         79         87       0.74      0.805      0.842      0.731
                   w32         36         37      0.521      0.459       0.55      0.304
                  pm15          5          5          0          0     0.0576     0.0463
                   ph5         32         43      0.656      0.488      0.629       0.47
                 pw3.2          7         10      0.321        0.3      0.363      0.309
                  pl10         12         13          1          0     0.0421     0.0331
                  il60        104        141      0.894      0.943      0.947      0.766
                   w57        118        125       0.75      0.928      0.903      0.601
                 pl100        123        215      0.783       0.82      0.863      0.735
                   p16          6          6      0.229      0.167     0.0858     0.0717
                 pl110          4          6      0.301      0.333       0.39      0.346
                   w59         63         63      0.695      0.889      0.833      0.592
                   w20          3          3          1          0     0.0597     0.0466
                   ph2          2          2          1          0      0.496      0.447
                    p9         14         14      0.688      0.714      0.734       0.56
                 il100         39         39      0.802      0.897      0.946      0.775
                   p19         33         34      0.506      0.735      0.705      0.598
                 ph3.5          4          4          0          0    0.00884    0.00884
                   pcl         29         31      0.542      0.387      0.415      0.341
                  pl35          2          2          1          0      0.063     0.0504
                   p15          1          1          1          0          0          0
                  phcs          2          2          1          0     0.0197     0.0143
                    w3          5          7      0.379      0.143       0.26      0.196
                  pl25          2          2          0          0     0.0524     0.0485
                 il110          2          2       0.11        0.5       0.26      0.234
                    p1         15         16      0.459      0.438      0.349      0.313
                   w46          3          3          1      0.815      0.995      0.581
                  pn-2          2          2          1          0      0.995      0.895
                   w63         14         16      0.763      0.312       0.43       0.28
                  pm20         47         49       0.44      0.653      0.579      0.492
                    i5        470        515      0.863      0.926      0.939      0.665
                  il90         17         17      0.555      0.647      0.722       0.61
                   w21          9          9          1          0      0.272      0.158
                   p27         47         47      0.899       0.83      0.911      0.721
                  pl50        353        355       0.56      0.642      0.669       0.48
                 ph2.2          5          6      0.478      0.333      0.486      0.415
                   pm2          2          2          1          0     0.0374     0.0325
                   pw4          3          3     0.0581     0.0775      0.171      0.125