    Class     Images  Instances      Box(P          R      mAP50  mAP50-95): 100%|██████████| 252/252 [01:09<00:00,  3.65it/s]
                   all       3014       8217      0.495      0.327      0.314      0.242
                  pl80        263        278      0.477      0.612      0.585      0.472
                    p6         39         39      0.321      0.231      0.173      0.131
                 ph4.2          8          9       0.22      0.111      0.082     0.0574
                  pa13         11         11      0.474      0.455       0.46      0.396
                    im         23         23      0.651      0.826      0.764      0.562
                   w58         21         22      0.173     0.0455      0.169      0.109
                  pl90          3          3      0.259          1       0.59      0.531
                  il70          5          5          1          0      0.265        0.2
                    p5        121        125      0.556       0.64      0.655      0.541
                  pm55         37         39      0.403      0.363      0.426      0.359
                  pl60        269        281      0.335      0.448      0.306      0.251
                    ip        120        136       0.77      0.662      0.751      0.424
                   p11        513        520      0.646      0.625       0.67      0.465
                   pdd         12         12          0          0     0.0738     0.0531
                    wc         14         14      0.274      0.429      0.229      0.148
                   i2r        133        134      0.724      0.657      0.717      0.522
                   w30         20         20      0.305       0.33      0.242      0.148
                   pmr          5          5          1          0     0.0715     0.0544
                   p23        102        110      0.501      0.445      0.495      0.412
                  pl15         17         17      0.411      0.235      0.215      0.191
                  pm10          1          1          0          0    0.00267    0.00214
                   pss          3          3          1          0     0.0786     0.0537
                   w34          1          1          1          0    0.00659    0.00461
                    iz          5          5          1          0      0.025     0.0191
                   p1n          1          1      0.191      0.953      0.199      0.179
                  pr70          2          2          1          0          0          0
                    pg         46         46      0.786      0.739      0.789      0.508
                  il80         84         97      0.656      0.887      0.844      0.689
                    pb         18         18      0.656      0.778      0.722      0.615
                   pbm         19         19      0.326      0.421      0.207      0.174
                  pm40          1          1          1          0    0.00802    0.00722
                   ph4         36         37      0.346      0.351      0.244       0.21
                   w45          5          5      0.375        0.4      0.416      0.226
                    i4        229        237      0.642       0.68      0.717      0.484
                  pl70         45         45      0.456      0.333      0.333      0.254
                   i14          1          1      0.184      0.368      0.497      0.448
                   p29         11         12      0.413      0.333      0.313      0.249
                   pne        625        673      0.898      0.794      0.876      0.596
                  pr60         10         10       0.34        0.2       0.27      0.228
                 ph4.5         56         63      0.566      0.571      0.606      0.511
                   p12         69         69      0.364      0.382      0.323      0.265
                    p3         61         61      0.778      0.557       0.62      0.518
                   pl5        134        208      0.573      0.606      0.588      0.423
                   w13         31         31      0.252      0.484      0.346      0.234
                   p14         13         16          1          0     0.0517     0.0447
                   i4l         99        100      0.685       0.72      0.746      0.554
                  pr30          3          3       0.28      0.667      0.504      0.403
                   p17          9          9       0.31      0.222      0.321      0.233
                   ph3          4          8      0.136      0.125      0.066     0.0552
                  pl30        209        212      0.336      0.476      0.318      0.247
                  pctl          1          1          1          0     0.0343      0.024
                  pr50          6          6      0.137      0.167      0.212      0.208
                  pm35          1          1          1          0          0          0
                    i1          2          2        0.2      0.301      0.188      0.144
                   pcd          5          5          0          0          0          0
                   pbp         29         29      0.397      0.552      0.416      0.346
                   pcr          6          6          1          0     0.0172     0.0111
                    ps         14         14          1          0      0.121     0.0486
                   w18          3          3          1          0    0.00505    0.00404
                   p10         97         98      0.231      0.388      0.252      0.205
                    pn        952       1007      0.919      0.818      0.891      0.634
                  pa14         13         13      0.447      0.692      0.623       0.51
                    p2          5          5          1          0     0.0167     0.0142
                 ph2.5          2          4          0          0    0.00909    0.00763
                   w55         61         63      0.363       0.56       0.36      0.245
                   pw3          1          1          1          0      0.124     0.0871
                   i12          2          3          0          0       0.11     0.0926
                 phclr          3          3          0          0     0.0786     0.0645
                   i10         15         16      0.503      0.562      0.505      0.392
                   i13          4          4      0.222       0.25     0.0957     0.0835
                   p26        247        262      0.494      0.584      0.538      0.424
                    p8          4          4          0          0      0.143      0.123
                   w42          1          1          0          0          0          0
                  il50          3          5      0.219        0.6      0.503      0.387
                   p13         72        110      0.649      0.573      0.603      0.397
                  pr40         63         63       0.65      0.794      0.744      0.598
                   p25         12         12      0.128      0.167      0.104     0.0807
                   w41          2          2          0          0     0.0783     0.0449
                  pl20         55         57      0.148     0.0526     0.0954     0.0726
                  pm30         31         32     0.0676      0.125     0.0851     0.0716
                  pl40        441        455      0.396      0.569      0.461      0.355
                   pmb         11         11       0.47      0.636      0.446      0.328
                  pr20          5          5      0.276        0.6      0.266      0.216
                   p18         21         23      0.225      0.165      0.151      0.109
                    i2        135        137      0.546      0.579      0.609      0.439
                   w22         15         15          0          0     0.0377     0.0288
                   w47          8          8      0.747      0.125      0.222      0.164
                 pl120         79         87      0.602      0.701       0.75      0.642
                   w32         36         37      0.371      0.351      0.394      0.224
                  pm15          5          5          1          0     0.0867     0.0724
                   ph5         32         43      0.403      0.349      0.342       0.27
                 pw3.2          7         10      0.477      0.277      0.344      0.285
                  pl10         12         13      0.886      0.154      0.186      0.167
                  il60        104        141      0.699      0.908      0.882      0.692
                   w57        118        125      0.491      0.712       0.55      0.359
                 pl100        123        215      0.676      0.847      0.842      0.696
                   p16          6          6          0          0     0.0207     0.0166
                 pl110          4          6          0          0     0.0563     0.0506
                   w59         63         63      0.659      0.797      0.733      0.512
                   w20          3          3          1          0     0.0941     0.0667
                   ph2          2          2          1          0    0.00748    0.00673
                    p9         14         14       0.37      0.429      0.422      0.351
                 il100         39         39      0.726      0.817      0.879      0.747
                   p19         33         34      0.139      0.235      0.155      0.132
                 ph3.5          4          4          1          0    0.00202    0.00141
                   pcl         29         31      0.323      0.258      0.261      0.231
                  pl35          2          2          1          0          0          0
                   p15          1          1          1          0          0          0
                  phcs          2          2          1          0     0.0359     0.0251
                    w3          5          7      0.441      0.143      0.298      0.246
                  pl25          2          2          1          0    0.00599    0.00539
                 il110          2          2      0.225        0.5       0.51      0.459
                    p1         15         16      0.303      0.312      0.161      0.148
                   w46          3          3          1          0     0.0126    0.00923
                  pn-2          2          2          1          0     0.0199      0.014
                   w63         14         16      0.292      0.125      0.061      0.041
                  pm20         47         49      0.237      0.469      0.288      0.242
                    i5        470        515      0.761      0.779      0.821      0.559
                  il90         17         17      0.345      0.589      0.575      0.493
                   w21          9          9          0          0     0.0918     0.0603
                   p27         47         47      0.594      0.596      0.588      0.465
                  pl50        353        355      0.396      0.527      0.433      0.319
                 ph2.2          5          6          0          0      0.212      0.184
                   pm2          2          2          0          0          0          0
                   pw4          3          3          0          0     0.0337     0.0223